Naive model KPIs:
WAPE:  0.0628093896871655
MAPE:  0.5965360380082952
WAPE:  -0.0044598783734918065

Elasticity model KPIs:
WAPE:  0.1151034645595021
MAPE:  1.2283505854024963
WAPE:  -0.025716174590981834
