Naive model KPIs:
WAPE:  0.3266249248339023
MAPE:  0.6988282773351895
BIAS:  0.05056513846984547

Elasticity model KPIs:
WAPE:  0.49524652941545416
MAPE:  1.205082212522228
BIAS:  -0.13323727164708718
