Naive model KPIs:
WAPE:  0.42283139470341796
MAPE:  0.6988282773351895
BIAS:  -0.06545896040679933

Elasticity model KPIs:
WAPE:  0.641120027386925
MAPE:  1.205082212522228
BIAS:  0.17248194217163587
